   1.9800000e+03   1.0000000e+00   4.2979897e+00
   1.9800000e+03   2.0000000e+00   4.3007842e+00
   1.9800000e+03   3.0000000e+00   4.3055619e+00
   1.9800000e+03   4.0000000e+00   4.3207684e+00
   1.9800000e+03   5.0000000e+00   4.3632743e+00
   1.9800000e+03   6.0000000e+00   4.3894467e+00
   1.9800000e+03   7.0000000e+00   4.3982465e+00
   1.9800000e+03   8.0000000e+00   4.3857339e+00
   1.9800000e+03   9.0000000e+00   4.3705844e+00
   1.9800000e+03   1.0000000e+01   4.3916540e+00
   1.9800000e+03   1.1000000e+01   4.3892833e+00
   1.9800000e+03   1.2000000e+01   4.3612518e+00
   1.9810000e+03   1.0000000e+00   4.3480372e+00
   1.9810000e+03   2.0000000e+00   4.3395320e+00
   1.9810000e+03   3.0000000e+00   4.3552351e+00
   1.9810000e+03   4.0000000e+00   4.3578641e+00
   1.9810000e+03   5.0000000e+00   4.3755305e+00
   1.9810000e+03   6.0000000e+00   4.3762916e+00
   1.9810000e+03   7.0000000e+00   4.3842805e+00
   1.9810000e+03   8.0000000e+00   4.3738749e+00
   1.9810000e+03   9.0000000e+00   4.3998264e+00
   1.9810000e+03   1.0000000e+01   4.4054696e+00
   1.9810000e+03   1.1000000e+01   4.3923098e+00
   1.9810000e+03   1.2000000e+01   4.3392734e+00
   1.9820000e+03   1.0000000e+00   4.3130118e+00
   1.9820000e+03   2.0000000e+00   4.3017415e+00
   1.9820000e+03   3.0000000e+00   4.2931620e+00
   1.9820000e+03   4.0000000e+00   4.3205225e+00
   1.9820000e+03   5.0000000e+00   4.3370473e+00
   1.9820000e+03   6.0000000e+00   4.3615821e+00
   1.9820000e+03   7.0000000e+00   4.3815031e+00
   1.9820000e+03   8.0000000e+00   4.3939111e+00
   1.9820000e+03   9.0000000e+00   4.4120231e+00
   1.9820000e+03   1.0000000e+01   4.4225225e+00
   1.9820000e+03   1.1000000e+01   4.3951447e+00
   1.9820000e+03   1.2000000e+01   4.3682455e+00
   1.9830000e+03   1.0000000e+00   4.3273648e+00
   1.9830000e+03   2.0000000e+00   4.3122359e+00
   1.9830000e+03   3.0000000e+00   4.3027120e+00
   1.9830000e+03   4.0000000e+00   4.2857302e+00
   1.9830000e+03   5.0000000e+00   4.3110683e+00
   1.9830000e+03   6.0000000e+00   4.3349021e+00
   1.9830000e+03   7.0000000e+00   4.3566710e+00
   1.9830000e+03   8.0000000e+00   4.3643287e+00
   1.9830000e+03   9.0000000e+00   4.3686943e+00
   1.9830000e+03   1.0000000e+01   4.3553962e+00
   1.9830000e+03   1.1000000e+01   4.3577974e+00
   1.9830000e+03   1.2000000e+01   4.3492399e+00
   1.9840000e+03   1.0000000e+00   4.3388440e+00
   1.9840000e+03   2.0000000e+00   4.3248040e+00
   1.9840000e+03   3.0000000e+00   4.3163703e+00
   1.9840000e+03   4.0000000e+00   4.3336872e+00
   1.9840000e+03   5.0000000e+00   4.3505014e+00
   1.9840000e+03   6.0000000e+00   4.3760093e+00
   1.9840000e+03   7.0000000e+00   4.3990267e+00
   1.9840000e+03   8.0000000e+00   4.4213565e+00
   1.9840000e+03   9.0000000e+00   4.4377926e+00
   1.9840000e+03   1.0000000e+01   4.4428111e+00
   1.9840000e+03   1.1000000e+01   4.4154878e+00
   1.9840000e+03   1.2000000e+01   4.3786875e+00
   1.9850000e+03   1.0000000e+00   4.3285714e+00
   1.9850000e+03   2.0000000e+00   4.3150410e+00
   1.9850000e+03   3.0000000e+00   4.3067158e+00
   1.9850000e+03   4.0000000e+00   4.3085877e+00
   1.9850000e+03   5.0000000e+00   4.3402616e+00
   1.9850000e+03   6.0000000e+00   4.3681696e+00
   1.9850000e+03   7.0000000e+00   4.3769042e+00
   1.9850000e+03   8.0000000e+00   4.3846536e+00
   1.9850000e+03   9.0000000e+00   4.3727777e+00
   1.9850000e+03   1.0000000e+01   4.3580368e+00
   1.9850000e+03   1.1000000e+01   4.3566197e+00
   1.9850000e+03   1.2000000e+01   4.3288313e+00
   1.9860000e+03   1.0000000e+00   4.2937565e+00
   1.9860000e+03   2.0000000e+00   4.2849106e+00
   1.9860000e+03   3.0000000e+00   4.2936857e+00
   1.9860000e+03   4.0000000e+00   4.3143255e+00
   1.9860000e+03   5.0000000e+00   4.3489750e+00
   1.9860000e+03   6.0000000e+00   4.3486793e+00
   1.9860000e+03   7.0000000e+00   4.3442019e+00
   1.9860000e+03   8.0000000e+00   4.3451194e+00
   1.9860000e+03   9.0000000e+00   4.3339327e+00
   1.9860000e+03   1.0000000e+01   4.3530339e+00
   1.9860000e+03   1.1000000e+01   4.3323427e+00
   1.9860000e+03   1.2000000e+01   4.2850409e+00
   1.9870000e+03   1.0000000e+00   4.2645860e+00
   1.9870000e+03   2.0000000e+00   4.2590593e+00
   1.9870000e+03   3.0000000e+00   4.2701862e+00
   1.9870000e+03   4.0000000e+00   4.2740022e+00
   1.9870000e+03   5.0000000e+00   4.3050175e+00
   1.9870000e+03   6.0000000e+00   4.3211345e+00
   1.9870000e+03   7.0000000e+00   4.3214537e+00
   1.9870000e+03   8.0000000e+00   4.3463325e+00
   1.9870000e+03   9.0000000e+00   4.3725772e+00
   1.9870000e+03   1.0000000e+01   4.3741853e+00
   1.9870000e+03   1.1000000e+01   4.3393261e+00
   1.9870000e+03   1.2000000e+01   4.3205893e+00
   1.9880000e+03   1.0000000e+00   4.3060740e+00
   1.9880000e+03   2.0000000e+00   4.2816000e+00
   1.9880000e+03   3.0000000e+00   4.2744260e+00
   1.9880000e+03   4.0000000e+00   4.2869717e+00
   1.9880000e+03   5.0000000e+00   4.3285656e+00
   1.9880000e+03   6.0000000e+00   4.3526938e+00
   1.9880000e+03   7.0000000e+00   4.3632119e+00
   1.9880000e+03   8.0000000e+00   4.3741789e+00
   1.9880000e+03   9.0000000e+00   4.3696513e+00
   1.9880000e+03   1.0000000e+01   4.3772199e+00
   1.9880000e+03   1.1000000e+01   4.3474068e+00
   1.9880000e+03   1.2000000e+01   4.3168256e+00
   1.9890000e+03   1.0000000e+00   4.2910744e+00
   1.9890000e+03   2.0000000e+00   4.2827965e+00
   1.9890000e+03   3.0000000e+00   4.2787698e+00
   1.9890000e+03   4.0000000e+00   4.2843928e+00
   1.9890000e+03   5.0000000e+00   4.2947677e+00
   1.9890000e+03   6.0000000e+00   4.2972658e+00
   1.9890000e+03   7.0000000e+00   4.3075323e+00
   1.9890000e+03   8.0000000e+00   4.3042368e+00
   1.9890000e+03   9.0000000e+00   4.3040206e+00
   1.9890000e+03   1.0000000e+01   4.3249064e+00
   1.9890000e+03   1.1000000e+01   4.3037478e+00
   1.9890000e+03   1.2000000e+01   4.2984125e+00
   1.9900000e+03   1.0000000e+00   4.2669443e+00
   1.9900000e+03   2.0000000e+00   4.2219708e+00
   1.9900000e+03   3.0000000e+00   4.2105563e+00
   1.9900000e+03   4.0000000e+00   4.2132602e+00
   1.9900000e+03   5.0000000e+00   4.2356181e+00
   1.9900000e+03   6.0000000e+00   4.2665246e+00
   1.9900000e+03   7.0000000e+00   4.2729072e+00
   1.9900000e+03   8.0000000e+00   4.2885209e+00
   1.9900000e+03   9.0000000e+00   4.3268371e+00
   1.9900000e+03   1.0000000e+01   4.3473601e+00
   1.9900000e+03   1.1000000e+01   4.3465843e+00
   1.9900000e+03   1.2000000e+01   4.3024935e+00
   1.9910000e+03   1.0000000e+00   4.2399266e+00
   1.9910000e+03   2.0000000e+00   4.2253889e+00
   1.9910000e+03   3.0000000e+00   4.2122416e+00
   1.9910000e+03   4.0000000e+00   4.2002631e+00
   1.9910000e+03   5.0000000e+00   4.2202135e+00
   1.9910000e+03   6.0000000e+00   4.2366129e+00
   1.9910000e+03   7.0000000e+00   4.2564551e+00
   1.9910000e+03   8.0000000e+00   4.2939371e+00
   1.9910000e+03   9.0000000e+00   4.3120767e+00
   1.9910000e+03   1.0000000e+01   4.3133228e+00
   1.9910000e+03   1.1000000e+01   4.3108085e+00
   1.9910000e+03   1.2000000e+01   4.2710070e+00
   1.9920000e+03   1.0000000e+00   4.2481884e+00
   1.9920000e+03   2.0000000e+00   4.2493372e+00
   1.9920000e+03   3.0000000e+00   4.2554082e+00
   1.9920000e+03   4.0000000e+00   4.2861707e+00
   1.9920000e+03   5.0000000e+00   4.3013600e+00
   1.9920000e+03   6.0000000e+00   4.3090443e+00
   1.9920000e+03   7.0000000e+00   4.3134241e+00
   1.9920000e+03   8.0000000e+00   4.3237210e+00
   1.9920000e+03   9.0000000e+00   4.3347131e+00
   1.9920000e+03   1.0000000e+01   4.3530927e+00
   1.9920000e+03   1.1000000e+01   4.3281536e+00
   1.9920000e+03   1.2000000e+01   4.2999266e+00
   1.9930000e+03   1.0000000e+00   4.2627452e+00
   1.9930000e+03   2.0000000e+00   4.2451007e+00
   1.9930000e+03   3.0000000e+00   4.2495962e+00
   1.9930000e+03   4.0000000e+00   4.2556010e+00
   1.9930000e+03   5.0000000e+00   4.2552904e+00
   1.9930000e+03   6.0000000e+00   4.2680333e+00
   1.9930000e+03   7.0000000e+00   4.2704905e+00
   1.9930000e+03   8.0000000e+00   4.2781785e+00
   1.9930000e+03   9.0000000e+00   4.3021636e+00
   1.9930000e+03   1.0000000e+01   4.3198554e+00
   1.9930000e+03   1.1000000e+01   4.3000665e+00
   1.9930000e+03   1.2000000e+01   4.2711171e+00
   1.9940000e+03   1.0000000e+00   4.2475130e+00
   1.9940000e+03   2.0000000e+00   4.2273789e+00
   1.9940000e+03   3.0000000e+00   4.2334655e+00
   1.9940000e+03   4.0000000e+00   4.2452140e+00
   1.9940000e+03   5.0000000e+00   4.2673099e+00
   1.9940000e+03   6.0000000e+00   4.2890732e+00
   1.9940000e+03   7.0000000e+00   4.2871455e+00
   1.9940000e+03   8.0000000e+00   4.2907186e+00
   1.9940000e+03   9.0000000e+00   4.2580255e+00
   1.9940000e+03   1.0000000e+01   4.2630577e+00
   1.9940000e+03   1.1000000e+01   4.2522688e+00
   1.9940000e+03   1.2000000e+01   4.2542354e+00
   1.9950000e+03   1.0000000e+00   4.2619019e+00
   1.9950000e+03   2.0000000e+00   4.2661274e+00
   1.9950000e+03   3.0000000e+00   4.2699009e+00
   1.9950000e+03   4.0000000e+00   4.2962487e+00
   1.9950000e+03   5.0000000e+00   4.3468030e+00
   1.9950000e+03   6.0000000e+00   4.3758118e+00
   1.9950000e+03   7.0000000e+00   4.3991631e+00
   1.9950000e+03   8.0000000e+00   4.4352741e+00
   1.9950000e+03   9.0000000e+00   4.4299894e+00
   1.9950000e+03   1.0000000e+01   4.4233767e+00
   1.9950000e+03   1.1000000e+01   4.4082603e+00
   1.9950000e+03   1.2000000e+01   4.3840290e+00
   1.9960000e+03   1.0000000e+00   4.3688639e+00
   1.9960000e+03   2.0000000e+00   4.3500634e+00
   1.9960000e+03   3.0000000e+00   4.3515225e+00
   1.9960000e+03   4.0000000e+00   4.3335410e+00
   1.9960000e+03   5.0000000e+00   4.3270251e+00
   1.9960000e+03   6.0000000e+00   4.3369826e+00
   1.9960000e+03   7.0000000e+00   4.3454810e+00
   1.9960000e+03   8.0000000e+00   4.3442041e+00
   1.9960000e+03   9.0000000e+00   4.3469545e+00
   1.9960000e+03   1.0000000e+01   4.3232602e+00
   1.9960000e+03   1.1000000e+01   4.3131311e+00
   1.9960000e+03   1.2000000e+01   4.2944657e+00
   1.9970000e+03   1.0000000e+00   4.2638007e+00
   1.9970000e+03   2.0000000e+00   4.2396470e+00
   1.9970000e+03   3.0000000e+00   4.2336333e+00
   1.9970000e+03   4.0000000e+00   4.2532437e+00
   1.9970000e+03   5.0000000e+00   4.2854698e+00
   1.9970000e+03   6.0000000e+00   4.3142202e+00
   1.9970000e+03   7.0000000e+00   4.3186768e+00
   1.9970000e+03   8.0000000e+00   4.2975825e+00
   1.9970000e+03   9.0000000e+00   4.3092590e+00
   1.9970000e+03   1.0000000e+01   4.3055622e+00
   1.9970000e+03   1.1000000e+01   4.2808425e+00
   1.9970000e+03   1.2000000e+01   4.2658583e+00
   1.9980000e+03   1.0000000e+00   4.2345460e+00
   1.9980000e+03   2.0000000e+00   4.2452239e+00
   1.9980000e+03   3.0000000e+00   4.2380633e+00
   1.9980000e+03   4.0000000e+00   4.2571568e+00
   1.9980000e+03   5.0000000e+00   4.3006357e+00
   1.9980000e+03   6.0000000e+00   4.3164018e+00
   1.9980000e+03   7.0000000e+00   4.3045132e+00
   1.9980000e+03   8.0000000e+00   4.3276529e+00
   1.9980000e+03   9.0000000e+00   4.3396309e+00
   1.9980000e+03   1.0000000e+01   4.3414801e+00
   1.9980000e+03   1.1000000e+01   4.3209434e+00
   1.9980000e+03   1.2000000e+01   4.2569651e+00
   1.9990000e+03   1.0000000e+00   4.1999956e+00
   1.9990000e+03   2.0000000e+00   4.1789081e+00
   1.9990000e+03   3.0000000e+00   4.1834380e+00
   1.9990000e+03   4.0000000e+00   4.1980440e+00
   1.9990000e+03   5.0000000e+00   4.2333101e+00
   1.9990000e+03   6.0000000e+00   4.2488086e+00
   1.9990000e+03   7.0000000e+00   4.2696992e+00
   1.9990000e+03   8.0000000e+00   4.2909458e+00
   1.9990000e+03   9.0000000e+00   4.3108631e+00
   1.9990000e+03   1.0000000e+01   4.3160931e+00
   1.9990000e+03   1.1000000e+01   4.3016746e+00
   1.9990000e+03   1.2000000e+01   4.2662264e+00
   2.0000000e+03   1.0000000e+00   4.2191223e+00
   2.0000000e+03   2.0000000e+00   4.1996510e+00
   2.0000000e+03   3.0000000e+00   4.1863721e+00
   2.0000000e+03   4.0000000e+00   4.1949339e+00
   2.0000000e+03   5.0000000e+00   4.2182603e+00
   2.0000000e+03   6.0000000e+00   4.2330088e+00
   2.0000000e+03   7.0000000e+00   4.2310973e+00
   2.0000000e+03   8.0000000e+00   4.1973168e+00
   2.0000000e+03   9.0000000e+00   4.2136298e+00
   2.0000000e+03   1.0000000e+01   4.2261596e+00
   2.0000000e+03   1.1000000e+01   4.2325725e+00
   2.0000000e+03   1.2000000e+01   4.1843825e+00
   2.0010000e+03   1.0000000e+00   4.1471112e+00
   2.0010000e+03   2.0000000e+00   4.1357242e+00
   2.0010000e+03   3.0000000e+00   4.1406399e+00
   2.0010000e+03   4.0000000e+00   4.1504477e+00
   2.0010000e+03   5.0000000e+00   4.1679543e+00
   2.0010000e+03   6.0000000e+00   4.1973673e+00
   2.0010000e+03   7.0000000e+00   4.2204066e+00
   2.0010000e+03   8.0000000e+00   4.2411344e+00
   2.0010000e+03   9.0000000e+00   4.2346310e+00
   2.0010000e+03   1.0000000e+01   4.2382450e+00
   2.0010000e+03   1.1000000e+01   4.2294419e+00
   2.0010000e+03   1.2000000e+01   4.2302754e+00
   2.0020000e+03   1.0000000e+00   4.2038823e+00
   2.0020000e+03   2.0000000e+00   4.1990332e+00
   2.0020000e+03   3.0000000e+00   4.2041152e+00
   2.0020000e+03   4.0000000e+00   4.2072726e+00
   2.0020000e+03   5.0000000e+00   4.2212628e+00
   2.0020000e+03   6.0000000e+00   4.2278347e+00
   2.0020000e+03   7.0000000e+00   4.2301001e+00
   2.0020000e+03   8.0000000e+00   4.2483714e+00
   2.0020000e+03   9.0000000e+00   4.2395336e+00
   2.0020000e+03   1.0000000e+01   4.2213837e+00
   2.0020000e+03   1.1000000e+01   4.2185225e+00
   2.0020000e+03   1.2000000e+01   4.2064892e+00
   2.0030000e+03   1.0000000e+00   4.1963385e+00
   2.0030000e+03   2.0000000e+00   4.1785507e+00
   2.0030000e+03   3.0000000e+00   4.1640611e+00
   2.0030000e+03   4.0000000e+00   4.1699489e+00
   2.0030000e+03   5.0000000e+00   4.1924799e+00
   2.0030000e+03   6.0000000e+00   4.2048451e+00
   2.0030000e+03   7.0000000e+00   4.2131908e+00
   2.0030000e+03   8.0000000e+00   4.2321876e+00
   2.0030000e+03   9.0000000e+00   4.2652520e+00
   2.0030000e+03   1.0000000e+01   4.2890371e+00
   2.0030000e+03   1.1000000e+01   4.2812423e+00
   2.0030000e+03   1.2000000e+01   4.2580672e+00
   2.0040000e+03   1.0000000e+00   4.2351827e+00
   2.0040000e+03   2.0000000e+00   4.2246823e+00
   2.0040000e+03   3.0000000e+00   4.2121096e+00
   2.0040000e+03   4.0000000e+00   4.2269789e+00
   2.0040000e+03   5.0000000e+00   4.2268089e+00
   2.0040000e+03   6.0000000e+00   4.2199236e+00
   2.0040000e+03   7.0000000e+00   4.2016116e+00
   2.0040000e+03   8.0000000e+00   4.1906318e+00
   2.0040000e+03   9.0000000e+00   4.1864841e+00
   2.0040000e+03   1.0000000e+01   4.1958458e+00
   2.0040000e+03   1.1000000e+01   4.1836356e+00
   2.0040000e+03   1.2000000e+01   4.1540474e+00
   2.0050000e+03   1.0000000e+00   4.1297397e+00
   2.0050000e+03   2.0000000e+00   4.1182899e+00
   2.0050000e+03   3.0000000e+00   4.1147498e+00
   2.0050000e+03   4.0000000e+00   4.1292106e+00
   2.0050000e+03   5.0000000e+00   4.1512105e+00
   2.0050000e+03   6.0000000e+00   4.1776555e+00
   2.0050000e+03   7.0000000e+00   4.2016335e+00
   2.0050000e+03   8.0000000e+00   4.2312648e+00
   2.0050000e+03   9.0000000e+00   4.2661898e+00
   2.0050000e+03   1.0000000e+01   4.2476969e+00
   2.0050000e+03   1.1000000e+01   4.2115594e+00
   2.0050000e+03   1.2000000e+01   4.1919118e+00
   2.0060000e+03   1.0000000e+00   4.1726037e+00
   2.0060000e+03   2.0000000e+00   4.1435398e+00
   2.0060000e+03   3.0000000e+00   4.1494104e+00
   2.0060000e+03   4.0000000e+00   4.1660731e+00
   2.0060000e+03   5.0000000e+00   4.1953544e+00
   2.0060000e+03   6.0000000e+00   4.2317405e+00
   2.0060000e+03   7.0000000e+00   4.2032864e+00
   2.0060000e+03   8.0000000e+00   4.1942135e+00
   2.0060000e+03   9.0000000e+00   4.2278194e+00
   2.0060000e+03   1.0000000e+01   4.2333104e+00
   2.0060000e+03   1.1000000e+01   4.2115544e+00
   2.0060000e+03   1.2000000e+01   4.1842248e+00
   2.0070000e+03   1.0000000e+00   4.1782295e+00
   2.0070000e+03   2.0000000e+00   4.2005665e+00
   2.0070000e+03   3.0000000e+00   4.1985352e+00
   2.0070000e+03   4.0000000e+00   4.2113707e+00
   2.0070000e+03   5.0000000e+00   4.2389035e+00
   2.0070000e+03   6.0000000e+00   4.2475250e+00
   2.0070000e+03   7.0000000e+00   4.2572649e+00
   2.0070000e+03   8.0000000e+00   4.2538526e+00
   2.0070000e+03   9.0000000e+00   4.2669621e+00
   2.0070000e+03   1.0000000e+01   4.2698988e+00
   2.0070000e+03   1.1000000e+01   4.2482637e+00
   2.0070000e+03   1.2000000e+01   4.2293816e+00
   2.0080000e+03   1.0000000e+00   4.1967276e+00
   2.0080000e+03   2.0000000e+00   4.1643605e+00
   2.0080000e+03   3.0000000e+00   4.1625737e+00
   2.0080000e+03   4.0000000e+00   4.1685795e+00
   2.0080000e+03   5.0000000e+00   4.1904593e+00
   2.0080000e+03   6.0000000e+00   4.2256622e+00
   2.0080000e+03   7.0000000e+00   4.2206415e+00
   2.0080000e+03   8.0000000e+00   4.2494761e+00
   2.0080000e+03   9.0000000e+00   4.2668114e+00
   2.0080000e+03   1.0000000e+01   4.2664849e+00
   2.0080000e+03   1.1000000e+01   4.2668132e+00
   2.0080000e+03   1.2000000e+01   4.2269286e+00
   2.0090000e+03   1.0000000e+00   4.1805006e+00
   2.0090000e+03   2.0000000e+00   4.1548541e+00
   2.0090000e+03   3.0000000e+00   4.1339566e+00
   2.0090000e+03   4.0000000e+00   4.1361520e+00
   2.0090000e+03   5.0000000e+00   4.1328054e+00
   2.0090000e+03   6.0000000e+00   4.1411541e+00
   2.0090000e+03   7.0000000e+00   4.1472658e+00
   2.0090000e+03   8.0000000e+00   4.1428321e+00
   2.0090000e+03   9.0000000e+00   4.1663380e+00
   2.0090000e+03   1.0000000e+01   4.1647257e+00
   2.0090000e+03   1.1000000e+01   4.1669000e+00
   2.0090000e+03   1.2000000e+01   4.1515632e+00
   2.0100000e+03   1.0000000e+00   4.1143515e+00
   2.0100000e+03   2.0000000e+00   4.0806758e+00
   2.0100000e+03   3.0000000e+00   4.0800924e+00
   2.0100000e+03   4.0000000e+00   4.0842207e+00
   2.0100000e+03   5.0000000e+00   4.1035477e+00
   2.0100000e+03   6.0000000e+00   4.1270582e+00
   2.0100000e+03   7.0000000e+00   4.1344654e+00
   2.0100000e+03   8.0000000e+00   4.1631989e+00
   2.0100000e+03   9.0000000e+00   4.1835484e+00
   2.0100000e+03   1.0000000e+01   4.1933079e+00
   2.0100000e+03   1.1000000e+01   4.1756381e+00
   2.0100000e+03   1.2000000e+01   4.1461975e+00
   2.0110000e+03   1.0000000e+00   4.1289067e+00
   2.0110000e+03   2.0000000e+00   4.1172071e+00
   2.0110000e+03   3.0000000e+00   4.1100580e+00
   2.0110000e+03   4.0000000e+00   4.1189638e+00
   2.0110000e+03   5.0000000e+00   4.1353568e+00
   2.0110000e+03   6.0000000e+00   4.1525864e+00
   2.0110000e+03   7.0000000e+00   4.1451830e+00
   2.0110000e+03   8.0000000e+00   4.1288269e+00
   2.0110000e+03   9.0000000e+00   4.1340568e+00
   2.0110000e+03   1.0000000e+01   4.1355384e+00
   2.0110000e+03   1.1000000e+01   4.1159455e+00
   2.0110000e+03   1.2000000e+01   4.1047310e+00
   2.0120000e+03   1.0000000e+00   4.0702237e+00
   2.0120000e+03   2.0000000e+00   4.0522060e+00
   2.0120000e+03   3.0000000e+00   4.0530111e+00
   2.0120000e+03   4.0000000e+00   4.0643129e+00
   2.0120000e+03   5.0000000e+00   4.0696143e+00
   2.0120000e+03   6.0000000e+00   4.0938340e+00
   2.0120000e+03   7.0000000e+00   4.0961200e+00
   2.0120000e+03   8.0000000e+00   4.0815672e+00
   2.0120000e+03   9.0000000e+00   4.0991257e+00
   2.0120000e+03   1.0000000e+01   4.1063783e+00
   2.0120000e+03   1.1000000e+01   4.1276646e+00
   2.0120000e+03   1.2000000e+01   4.0947229e+00
   2.0130000e+03   1.0000000e+00   4.0515234e+00
   2.0130000e+03   2.0000000e+00   4.0411769e+00
   2.0130000e+03   3.0000000e+00   4.0589450e+00
   2.0130000e+03   4.0000000e+00   4.0750013e+00
   2.0130000e+03   5.0000000e+00   4.0958250e+00
   2.0130000e+03   6.0000000e+00   4.0953546e+00
   2.0130000e+03   7.0000000e+00   4.1053182e+00
   2.0130000e+03   8.0000000e+00   4.1113956e+00
   2.0130000e+03   9.0000000e+00   4.1010529e+00
   2.0130000e+03   1.0000000e+01   4.1169453e+00
   2.0130000e+03   1.1000000e+01   4.0889113e+00
   2.0130000e+03   1.2000000e+01   4.0392957e+00
   2.0140000e+03   1.0000000e+00   3.9911000e+00
   2.0140000e+03   2.0000000e+00   3.9874609e+00
   2.0140000e+03   3.0000000e+00   4.0041661e+00
   2.0140000e+03   4.0000000e+00   4.0189432e+00
   2.0140000e+03   5.0000000e+00   4.0461925e+00
   2.0140000e+03   6.0000000e+00   4.0710100e+00
   2.0140000e+03   7.0000000e+00   4.0811765e+00
   2.0140000e+03   8.0000000e+00   4.0750430e+00
   2.0140000e+03   9.0000000e+00   4.0776603e+00
   2.0140000e+03   1.0000000e+01   4.1095665e+00
   2.0140000e+03   1.1000000e+01   4.1131314e+00
   2.0140000e+03   1.2000000e+01   4.0741737e+00
   2.0150000e+03   1.0000000e+00   4.0364604e+00
   2.0150000e+03   2.0000000e+00   4.0397687e+00
   2.0150000e+03   3.0000000e+00   4.0251820e+00
   2.0150000e+03   4.0000000e+00   4.0309858e+00
   2.0150000e+03   5.0000000e+00   4.0531020e+00
   2.0150000e+03   6.0000000e+00   4.0813233e+00
   2.0150000e+03   7.0000000e+00   4.0823314e+00
   2.0150000e+03   8.0000000e+00   4.0754617e+00
   2.0150000e+03   9.0000000e+00   4.0842467e+00
   2.0150000e+03   1.0000000e+01   4.1214978e+00
   2.0150000e+03   1.1000000e+01   4.1120705e+00
   2.0150000e+03   1.2000000e+01   4.0956869e+00
   2.0160000e+03   1.0000000e+00   4.0621426e+00
   2.0160000e+03   2.0000000e+00   4.0628999e+00
   2.0160000e+03   3.0000000e+00   4.0610398e+00
   2.0160000e+03   4.0000000e+00   4.0728781e+00
   2.0160000e+03   5.0000000e+00   4.0959419e+00
   2.0160000e+03   6.0000000e+00   4.1090852e+00
   2.0160000e+03   7.0000000e+00   4.1171298e+00
   2.0160000e+03   8.0000000e+00   4.1284823e+00
   2.0160000e+03   9.0000000e+00   4.1566733e+00
   2.0160000e+03   1.0000000e+01   4.1640165e+00
   2.0160000e+03   1.1000000e+01   4.1616282e+00
   2.0160000e+03   1.2000000e+01   4.1185122e+00
   2.0170000e+03   1.0000000e+00   4.0629210e+00
   2.0170000e+03   2.0000000e+00   4.0456052e+00
   2.0170000e+03   3.0000000e+00   4.0246257e+00
   2.0170000e+03   4.0000000e+00   4.0261354e+00
   2.0170000e+03   5.0000000e+00   4.0382477e+00
   2.0170000e+03   6.0000000e+00   4.0523919e+00
   2.0170000e+03   7.0000000e+00   4.0582026e+00
   2.0170000e+03   8.0000000e+00   4.0592340e+00
   2.0170000e+03   9.0000000e+00   4.0619656e+00
   2.0170000e+03   1.0000000e+01   4.0576448e+00
   2.0170000e+03   1.1000000e+01   4.0246022e+00
   2.0170000e+03   1.2000000e+01   3.9965598e+00
   2.0180000e+03   1.0000000e+00   3.9853003e+00
   2.0180000e+03   2.0000000e+00   3.9487697e+00
   2.0180000e+03   3.0000000e+00   3.9499550e+00
   2.0180000e+03   4.0000000e+00   3.9691467e+00
   2.0180000e+03   5.0000000e+00   3.9742992e+00
   2.0180000e+03   6.0000000e+00   3.9793641e+00
   2.0180000e+03   7.0000000e+00   3.9758338e+00
   2.0180000e+03   8.0000000e+00   3.9561077e+00
   2.0180000e+03   9.0000000e+00   3.9565508e+00
   2.0180000e+03   1.0000000e+01   3.9795126e+00
   2.0180000e+03   1.1000000e+01   3.9740559e+00
   2.0180000e+03   1.2000000e+01   3.9370568e+00
   2.0190000e+03   1.0000000e+00   3.9136918e+00
   2.0190000e+03   2.0000000e+00   3.9085200e+00
   2.0190000e+03   3.0000000e+00   3.9155988e+00
   2.0190000e+03   4.0000000e+00   3.9350999e+00
   2.0190000e+03   5.0000000e+00   3.9561000e+00
   2.0190000e+03   6.0000000e+00   3.9834224e+00
   2.0190000e+03   7.0000000e+00   4.0008432e+00
   2.0190000e+03   8.0000000e+00   4.0285492e+00
   2.0190000e+03   9.0000000e+00   4.0509111e+00
   2.0190000e+03   1.0000000e+01   4.0667652e+00
   2.0190000e+03   1.1000000e+01   4.0486400e+00
   2.0190000e+03   1.2000000e+01   4.0367088e+00
