Indicator	Population	
Unit		
YEAR	Puerto Rico	USVI
1950	2229742	27070.5
1951	2250406	27685.5
1952	2269211	28063
1953	2284810	28440
1954	2298009	28854
1955	2309783	29303.5
1956	2320567	29800
1957	2329614	30347.5
1958	2336795	30951.5
1959	2343690	31601
1960	2365072	32861.5
1961	2404223	34998
1962	2446291	37551.5
1963	2486863	40261
1964	2526147	43108.5
1965	2564270	46283
1966	2601197	49700
1967	2636741	53157
1968	2670526	56612.5
1969	2701801	60011.5
1970	2737619	63445.5
1971	2782018	67113
1972	2829184	70894.5
1973	2876681	74532.5
1974	2924358	77989.5
1975	2972267	81368.5
1976	3020456	84712
1977	3068870	87986
1978	3117169	91146.5
1979	3166208	94236.5
1980	3214568	96640
1981	3259445	98151
1982	3301071	99398.5
1983	3339381	100543.5
1984	3374447	101444.5
1985	3406279	101912.5
1986	3434982	101916
1987	3461929	101583
1988	3487970	101112.5
1989	3513736	100745
1990	3543776	100685
1991	3578450	100967.5
1992	3612629	101535
1993	3645017	102144
1994	3675749	102641
1995	3704947	103453.5
1996	3732812	104631
1997	3759518	105785
1998	3785239	106868.5
1999	3810115	107827
2000	3827109	108185
2001	3832131	108006
2002	3830774	107725.5
2003	3825629	107288
2004	3817037	106743
2005	3805559	106481
2006	3791559	106514.5
2007	3775440	106506.5
2008	3757620	106482
2009	3738940	106467
2010	3717922	106142
2011	3691614	105479.5
2012	3657988	104773
2013	3615018	104058
2014	3560011	103383
2015	3497335	102803.5
2016	3432741	102315.5
2017	3366408	101851
2018	3319269	101364.5
2019	3292887	100826.5
2020	3271565	100442.5
2021	3256028	100091
